Uср м, В
-1, -1, 0.95
-1, -1, 0.95
-1, -1, 0.95
0.9743, 0.0004, 0.95
0.9757, 0.0004, 0.95
0.9812, 0.0004, 0.95
0.9073, 0.0004, 0.95
0.9772, 0.0004, 0.95
0.9745, 0.0004, 0.95
0.9782, 0.0004, 0.95
0.9778, 0.0004, 0.95
0.9778, 0.0004, 0.95
0.9777, 0.0004, 0.95
0.9777, 0.0004, 0.95
0.9778, 0.0004, 0.95
0.9777, 0.0004, 0.95
0.9777, 0.0004, 0.95
0.9777, 0.0004, 0.95
0.9778, 0.0004, 0.95
0.9777, 0.0004, 0.95
0.9777, 0.0004, 0.95
0.9777, 0.0004, 0.95
0.9777, 0.0004, 0.95
0.9777, 0.0004, 0.95
0.9777, 0.0004, 0.95
0.9777, 0.0004, 0.95
0.9776, 0.0004, 0.95
0.9776, 0.0004, 0.95
0.9776, 0.0004, 0.95
0.9776, 0.0004, 0.95
0.9776, 0.0004, 0.95
0.9775, 0.0004, 0.95
0.9773, 0.0004, 0.95
0.9769, 0.0004, 0.95
0.9767, 0.0004, 0.95
0.9764, 0.0004, 0.95
Uср о, В
0.985, 0.018, 0.95
0.961, 0.018, 0.95
0.987, 0.018, 0.95
0.96, 0.018, 0.95
0.991, 0.019, 0.95
0.972, 0.018, 0.95
0.98, 0.018, 0.95
0.979, 0.018, 0.95
0.982, 0.018, 0.95
0.978, 0.018, 0.95
1.11, 0.021, 0.95
0.948, 0.018, 0.95
0.98, 0.018, 0.95
0.982, 0.018, 0.95
0.974, 0.018, 0.95
0.988, 0.018, 0.95
0.976, 0.018, 0.95
0.98, 0.018, 0.95
0.986, 0.018, 0.95
0.973, 0.018, 0.95
0.979, 0.018, 0.95
0.974, 0.018, 0.95
0.981, 0.018, 0.95
0.983, 0.018, 0.95
0.974, 0.018, 0.95
0.977, 0.018, 0.95
0.975, 0.018, 0.95
0.978, 0.018, 0.95
0.982, 0.018, 0.95
0.973, 0.018, 0.95
0.978, 0.018, 0.95
0.977, 0.018, 0.95
0.983, 0.018, 0.95
1.0, 0.019, 0.95
0.976, 0.018, 0.95
0.98, 0.018, 0.95
Urms м, В
-1, -1, 0.95
-1, -1, 0.95
-1, -1, 0.95
0.675, 0.007, 0.95
0.668, 0.007, 0.95
0.735, 0.008, 0.95
0.744, 0.008, 0.95
0.748, 0.008, 0.95
0.75, 0.008, 0.95
0.751, 0.0014, 0.95
0.751, 0.0014, 0.95
0.751, 0.0014, 0.95
0.751, 0.0014, 0.95
0.751, 0.0014, 0.95
0.751, 0.0014, 0.95
0.751, 0.0014, 0.95
0.751, 0.0014, 0.95
0.751, 0.0014, 0.95
0.751, 0.0014, 0.95
0.751, 0.0014, 0.95
0.751, 0.0014, 0.95
0.75, 0.0014, 0.95
0.75, 0.005, 0.95
0.751, 0.005, 0.95
0.752, 0.014, 0.95
0.755, 0.014, 0.95
0.768, 0.014, 0.95
0.799, 0.014, 0.95
0.837, 0.015, 0.95
0.793, 0.014, 0.95
0.602, 0.011, 0.95
0.328, 0.006, 0.95
0.084, 0.002, 0.95
0.0004, 0.0006, 0.95
0.0002, 0.0006, 0.95
0.0002, 0.0006, 0.95
Urms о, В
1.24, 0.024, 0.95
1.21, 0.023, 0.95
1.24, 0.024, 0.95
1.26, 0.024, 0.95
1.25, 0.024, 0.95
1.23, 0.024, 0.95
1.24, 0.024, 0.95
1.23, 0.024, 0.95
1.24, 0.024, 0.95
1.24, 0.024, 0.95
1.35, 0.026, 0.95
1.21, 0.023, 0.95
1.23, 0.024, 0.95
1.24, 0.024, 0.95
1.24, 0.024, 0.95
1.23, 0.024, 0.95
1.24, 0.024, 0.95
1.23, 0.024, 0.95
1.25, 0.024, 0.95
1.24, 0.024, 0.95
1.23, 0.024, 0.95
1.24, 0.024, 0.95
1.23, 0.024, 0.95
1.24, 0.024, 0.95
1.23, 0.024, 0.95
1.23, 0.024, 0.95
1.24, 0.024, 0.95
1.23, 0.024, 0.95
1.24, 0.024, 0.95
1.23, 0.024, 0.95
1.23, 0.024, 0.95
1.23, 0.024, 0.95
1.22, 0.023, 0.95
1.23, 0.024, 0.95
1.19, 0.023, 0.95
1.13, 0.022, 0.95
Uср м, В.1
-0.0007, 0.0003, 0.95
-0.0007, 0.0003, 0.95
-0.0008, 0.0003, 0.95
-0.0008, 0.0003, 0.95
0.0008, 0.0003, 0.95
-0.0008, 0.0003, 0.95
-0.0008, 0.0003, 0.95
0.0008, 0.0003, 0.95
-0.0002, 0.0003, 0.95
-0.0003, 0.0003, 0.95
-0.0003, 0.0003, 0.95
-0.0002, 0.0003, 0.95
-0.0003, 0.0003, 0.95
-0.0004, 0.0003, 0.95
-0.0019, 0.0003, 0.95
-0.002, 0.0003, 0.95
-0.0021, 0.0003, 0.95
-0.0023, 0.0003, 0.95
0.0025, 0.0003, 0.95
0.0022, 0.0003, 0.95
0.0022, 0.0003, 0.95
0.0018, 0.0003, 0.95
0.0012, 0.0003, 0.95
0.0008, 0.0003, 0.95
-0.0135, 0.0003, 0.95
-0.0146, 0.0003, 0.95
-0.016, 0.0003, 0.95
-0.017, 0.0003, 0.95
1.055, 0.0004, 0.95
1.057, 0.0004, 0.95
1.061, 0.0004, 0.95
-1, -1, 0.95
-1, -1, 0.95
-1, -1, 0.95
-1, -1, 0.95
-1, -1, 0.95
Uср о, В.1
-0.0007, 0.0014, 0.95
-0.0008, 0.0014, 0.95
0.0006, 0.0014, 0.95
-0.0008, 0.0014, 0.95
-0.0008, 0.0014, 0.95
-0.0007, 0.0014, 0.95
-0.001, 0.0014, 0.95
-0.0013, 0.0014, 0.95
0.0005, 0.0014, 0.95
0.0019, 0.0014, 0.95
0.0015, 0.0014, 0.95
0.0012, 0.0014, 0.95
0.0096, 0.0016, 0.95
0.0032, 0.0014, 0.95
-0.0053, 0.0013, 0.95
-0.0032, 0.0013, 0.95
-0.0042, 0.0013, 0.95
-0.0057, 0.0013, 0.95
-0.0012, 0.0014, 0.95
0.027, 0.0019, 0.95
0.03, 0.0019, 0.95
0.026, 0.0018, 0.95
0.023, 0.0018, 0.95
0.023, 0.0018, 0.95
0.0095, 0.0016, 0.95
-0.023, 0.001, 0.95
-0.04, 0.0007, 0.95
-0.029, 0.0009, 0.95
1.0, 0.019, 0.95
1.0, 0.019, 0.95
1.17, 0.022, 0.95
-1, -1, 0.95
-1, -1, 0.95
-1, -1, 0.95
-1, -1, 0.95
-1, -1, 0.95
Urms м, В.1
0.0002, 0.0012, 0.95
0.0002, 0.0012, 0.95
0.0003, 0.0012, 0.95
0.0005, 0.0012, 0.95
0.0007, 0.0012, 0.95
0.0011, 0.0012, 0.95
0.0015, 0.0012, 0.95
0.0022, 0.0012, 0.95
0.003, 0.0012, 0.95
0.0041, 0.0006, 0.95
0.0056, 0.0006, 0.95
0.0075, 0.0006, 0.95
0.0098, 0.0006, 0.95
0.0128, 0.0006, 0.95
0.0168, 0.0006, 0.95
0.0219, 0.0006, 0.95
0.0279, 0.0006, 0.95
0.0356, 0.0006, 0.95
0.0455, 0.0006, 0.95
0.057, 0.0006, 0.95
0.073, 0.0007, 0.95
0.092, 0.0007, 0.95
0.116, 0.0012, 0.95
0.147, 0.0014, 0.95
0.183, 0.004, 0.95
0.248, 0.005, 0.95
0.318, 0.006, 0.95
0.407, 0.008, 0.95
0.285, 0.006, 0.95
0.367, 0.007, 0.95
0.471, 0.009, 0.95
-1, -1, 0.95
-1, -1, 0.95
-1, -1, 0.95
-1, -1, 0.95
-1, -1, 0.95
Urms о, В.1
0.0033, 0.0024, 0.95
0.004, 0.0024, 0.95
0.0049, 0.0024, 0.95
0.0083, 0.0025, 0.95
0.01, 0.0025, 0.95
0.013, 0.0025, 0.95
0.016, 0.0026, 0.95
0.02, 0.0027, 0.95
0.025, 0.0027, 0.95
0.0318, 0.0029, 0.95
0.04, 0.003, 0.95
0.051, 0.003, 0.95
0.064, 0.003, 0.95
0.08, 0.004, 0.95
0.1, 0.004, 0.95
0.128, 0.005, 0.95
0.165, 0.005, 0.95
0.2, 0.006, 0.95
0.265, 0.007, 0.95
0.317, 0.008, 0.95
0.4, 0.009, 0.95
0.52, 0.011, 0.95
0.645, 0.013, 0.95
0.83, 0.017, 0.95
1.02, 0.02, 0.95
1.34, 0.026, 0.95
1.69, 0.03, 0.95
2.11, 0.04, 0.95
2.0, 0.04, 0.95
2.42, 0.04, 0.95
2.93, 0.05, 0.95
-1, -1, 0.95
-1, -1, 0.95
-1, -1, 0.95
-1, -1, 0.95
-1, -1, 0.95
