Uср м, В
-0.0883, 0.0003, 0.95
0.0169, 0.0003, 0.95
0.1238, 0.0004, 0.95
0.2306, 0.0004, 0.95
0.3373, 0.0004, 0.95
0.4441, 0.0004, 0.95
0.5504, 0.0004, 0.95
0.6573, 0.0004, 0.95
0.764, 0.0004, 0.95
0.8709, 0.0004, 0.95
0.9776, 0.0004, 0.95
1.0839, 0.0004, 0.95
1.1907, 0.0004, 0.95
1.2976, 0.0005, 0.95
1.4044, 0.0005, 0.95
1.5112, 0.0005, 0.95
1.6175, 0.0005, 0.95
1.7244, 0.0005, 0.95
1.8312, 0.0005, 0.95
1.9379, 0.0005, 0.95
2.0437, 0.0005, 0.95
Uср о, В
-0.0573, 0.0004, 0.95
0.029, 0.0019, 0.95
0.156, 0.004, 0.95
0.239, 0.006, 0.95
0.364, 0.008, 0.95
0.45, 0.009, 0.95
0.576, 0.011, 0.95
0.662, 0.013, 0.95
0.784, 0.015, 0.95
0.873, 0.017, 0.95
1.0, 0.019, 0.95
1.09, 0.02, 0.95
1.21, 0.022, 0.95
1.3, 0.024, 0.95
1.42, 0.026, 0.95
1.51, 0.028, 0.95
1.63, 0.03, 0.95
1.72, 0.03, 0.95
1.85, 0.03, 0.95
1.94, 0.03, 0.95
2.05, 0.04, 0.95
Urms м, В
0.0137, 0.0006, 0.95
0.047, 0.0006, 0.95
0.6365, 0.0013, 0.95
0.7593, 0.0015, 0.95
0.8513, 0.0016, 0.95
0.9222, 0.0016, 0.95
0.9761, 0.0017, 0.95
1.0164, 0.0018, 0.95
1.0439, 0.0018, 0.95
1.0604, 0.0018, 0.95
1.0657, 0.0018, 0.95
1.0606, 0.0018, 0.95
1.0442, 0.0018, 0.95
1.0166, 0.0018, 0.95
0.9764, 0.0017, 0.95
0.9224, 0.0016, 0.95
0.8519, 0.0016, 0.95
0.76, 0.0015, 0.95
0.6375, 0.0013, 0.95
0.4615, 0.0011, 0.95
0.0213, 0.0006, 0.95
Urms о, В
0.057, 0.003, 0.95
0.416, 0.01, 0.95
0.652, 0.014, 0.95
0.771, 0.016, 0.95
0.918, 0.018, 0.95
1.01, 0.02, 0.95
1.13, 0.022, 0.95
1.2, 0.023, 0.95
1.3, 0.025, 0.95
1.37, 0.026, 0.95
1.46, 0.028, 0.95
1.51, 0.028, 0.95
1.59, 0.03, 0.95
1.65, 0.03, 0.95
1.72, 0.03, 0.95
1.77, 0.03, 0.95
1.84, 0.03, 0.95
1.89, 0.04, 0.95
1.95, 0.04, 0.95
2.0, 0.04, 0.95
2.06, 0.04, 0.95
Uср м, В.1
0.9779, 0.0004, 0.95
0.9777, 0.0004, 0.95
0.9776, 0.0004, 0.95
0.9776, 0.0004, 0.95
0.9766, 0.0004, 0.95
0.9776, 0.0004, 0.95
0.9776, 0.0004, 0.95
0.9776, 0.0004, 0.95
0.9776, 0.0004, 0.95
0.9776, 0.0004, 0.95
0.9776, 0.0004, 0.95
0.9776, 0.0004, 0.95
0.9776, 0.0004, 0.95
0.9776, 0.0004, 0.95
0.9776, 0.0004, 0.95
0.9775, 0.0004, 0.95
0.9775, 0.0004, 0.95
0.9775, 0.0004, 0.95
0.9775, 0.0004, 0.95
0.9775, 0.0004, 0.95
0.9772, 0.0004, 0.95
Uср о, В.1
0.977, 0.018, 0.95
0.981, 0.018, 0.95
0.981, 0.018, 0.95
0.982, 0.018, 0.95
0.983, 0.018, 0.95
0.984, 0.018, 0.95
0.984, 0.018, 0.95
0.985, 0.018, 0.95
0.98, 0.018, 0.95
0.983, 0.018, 0.95
0.982, 0.018, 0.95
0.983, 0.018, 0.95
0.985, 0.018, 0.95
0.985, 0.018, 0.95
0.983, 0.018, 0.95
0.983, 0.018, 0.95
0.983, 0.018, 0.95
0.982, 0.018, 0.95
0.981, 0.018, 0.95
0.984, 0.018, 0.95
0.974, 0.018, 0.95
Urms м, В.1
0.6149, 0.0013, 0.95
0.6152, 0.0013, 0.95
0.6156, 0.0013, 0.95
0.6156, 0.0013, 0.95
0.6158, 0.0013, 0.95
0.6157, 0.0013, 0.95
0.6158, 0.0013, 0.95
0.6157, 0.0013, 0.95
0.6158, 0.0013, 0.95
0.6157, 0.0013, 0.95
0.6158, 0.0013, 0.95
0.6157, 0.0013, 0.95
0.6158, 0.0013, 0.95
0.6157, 0.0013, 0.95
0.6158, 0.0013, 0.95
0.6156, 0.0013, 0.95
0.6158, 0.0013, 0.95
0.6155, 0.0013, 0.95
0.6156, 0.0013, 0.95
0.6152, 0.0013, 0.95
0.6149, 0.0013, 0.95
Urms о, В.1
1.15, 0.022, 0.95
1.16, 0.022, 0.95
1.16, 0.022, 0.95
1.16, 0.022, 0.95
1.16, 0.022, 0.95
1.16, 0.022, 0.95
1.16, 0.022, 0.95
1.16, 0.022, 0.95
1.16, 0.022, 0.95
1.16, 0.022, 0.95
1.16, 0.022, 0.95
1.16, 0.022, 0.95
1.16, 0.022, 0.95
1.16, 0.022, 0.95
1.16, 0.022, 0.95
1.16, 0.022, 0.95
1.16, 0.022, 0.95
1.16, 0.022, 0.95
1.16, 0.022, 0.95
1.17, 0.023, 0.95
1.15, 0.022, 0.95
